698
900
699
349
1799
799
1200
520
1200
1599
3747
598
1400
299
799
563
999
299
1499
1125
1999
1099
1899
474
1200
737
1000
1695
3000
564
750
491
999
699
1500
1500
2500
1456
3999
499
899
2699
6000
490
899
999
1700
276
499
399
399
799
1800
413
1300
349
999
1390
2400
306
995
303
550
299
699
1395
2499
499
749
499
899
877
1950
1599
4999
499
999
620
2899
1610
2599
589
1500
499
999
689
1200
1999
3599
689
1199
1129
2049
2300
2499
499
2000
2250
2500
799
1200
499
1200
319
999
586
1200
325
1099
899
1400
305
995
899
499
1716
2614
745
1100
1099
1150
680
970
1599
1700
715
1415